2018.97	0.00656241
2019.97	0.00654898
2020.97	0.00652664
2021.97	0.00649732
2022.97	0.00646252
2023.97	0.0064234
2024.97	0.00638087
2025.97	0.00633565
2026.97	0.00628833
2027.97	0.00623936
2028.97	0.00618913
2029.97	0.00613794
2030.97	0.00608604
2031.97	0.00603364
2032.97	0.00598091
2033.97	0.00592799
2034.97	0.00587501
2035.97	0.00582205
2036.97	0.00576921
2037.97	0.00571655
2038.97	0.00566414
2039.97	0.00561202
2040.97	0.00556024
2041.97	0.00550883
2042.97	0.00545782
2043.97	0.00540724
2044.97	0.00535711
2045.97	0.00530745
2046.97	0.00525826
2047.97	0.00520957
2048.98	0.00516138
2049.98	0.00511369
2050.98	0.00506652
2051.98	0.00501988
2052.98	0.00497375
2053.98	0.00492815
2054.98	0.00488307
2055.98	0.00483852
2056.98	0.00479449
2057.98	0.00475098
2058.98	0.00470799
2059.98	0.00466552
2060.98	0.00462357
2061.98	0.00458213
2062.98	0.00454119
2063.98	0.00450076
2064.98	0.00446083
2065.98	0.00442139
2066.98	0.00438244
2067.98	0.00434398
2068.98	0.004306
2069.98	0.00426849
2070.98	0.00423146
2071.98	0.00419489
2072.98	0.00415878
2073.98	0.00412313
2074.98	0.00408792
2075.98	0.00405316
2076.98	0.00401884
2077.98	0.00398495
2078.98	0.0039515
2079.98	0.00391846
2080.98	0.00388584
2081.98	0.00385364
2082.98	0.00382184
2083.98	0.00379045
2084.98	0.00375945
2085.98	0.00372884
2086.98	0.00369863
2087.98	0.00366879
2088.98	0.00363933
2089.98	0.00361025
2090.98	0.00358153
2091.98	0.00355317
2092.98	0.00352517
2093.98	0.00349752
2094.98	0.00347023
2095.98	0.00344327
2096.98	0.00341666
2097.98	0.00339038
2098.98	0.00336443
2099.98	0.0033388
2100.98	0.0033135
2101.98	0.00328852
2102.98	0.00326384
2103.98	0.00323948
2104.98	0.00321542
2105.98	0.00319166
2106.98	0.0031682
2107.98	0.00314503
2108.98	0.00312215
2109.98	0.00309955
2110.98	0.00307723
2111.98	0.0030552
2112.98	0.00303343
2113.98	0.00301193
2114.98	0.0029907
2115.98	0.00296974
2116.98	0.00294903
2117.98	0.00292857
2118.98	0.00290837
2119.98	0.00288842
2120.98	0.00286871
2121.98	0.00284924
2122.98	0.00283002
2123.98	0.00281102
2124.98	0.00279226
2125.98	0.00277373
2126.98	0.00275543
2127.98	0.00273734
2128.98	0.00271948
2129.98	0.00270183
2130.98	0.0026844
2131.98	0.00266718
2132.98	0.00265017
2133.98	0.00263336
2134.98	0.00261676
2135.98	0.00260035
2136.98	0.00258414
2137.98	0.00256813
2138.98	0.00255231
2139.98	0.00253668
2140.98	0.00252123
2141.98	0.00250597
2142.98	0.00249089
2143.98	0.002476
2144.98	0.00246127
2145.98	0.00244673
2146.98	0.00243235
2147.98	0.00241814
2148.98	0.00240411
2149.98	0.00239023
2150.98	0.00237653
2151.98	0.00236298
2152.98	0.00234959
2153.98	0.00233636
2154.98	0.00232328
2155.98	0.00231035
2156.98	0.00229758
2157.98	0.00228496
2158.98	0.00227248
2159.98	0.00226014
2160.98	0.00224795
2161.98	0.0022359
2162.98	0.00222399
2163.98	0.00221222
2164.98	0.00220058
2165.98	0.00218907
2166.98	0.0021777
2167.98	0.00216646
2168.98	0.00215534
2169.98	0.00214435
2170.98	0.00213349
2171.98	0.00212275
2172.98	0.00211213
2173.98	0.00210164
2174.98	0.00209126
2175.98	0.002081
2176.98	0.00207085
2177.98	0.00206082
2178.98	0.0020509
2179.98	0.00204109
2180.98	0.00203139
2181.98	0.0020218
2182.98	0.00201232
2183.98	0.00200294
2184.98	0.00199367
2185.98	0.0019845
2186.98	0.00197543
2187.98	0.00196646
2188.98	0.00195759
2189.98	0.00194882
2190.98	0.00194014
2191.98	0.00193156
2192.98	0.00192307
2193.98	0.00191468
2194.98	0.00190638
2195.98	0.00189817
2196.98	0.00189004
2197.98	0.00188201
2198.98	0.00187406
2199.98	0.0018662
2200.98	0.00185842
2201.98	0.00185073
2202.98	0.00184312
2203.98	0.00183559
2204.98	0.00182814
2205.98	0.00182077
2206.98	0.00181348
2207.98	0.00180627
2208.98	0.00179914
2209.98	0.00179208
2210.98	0.00178509
2211.98	0.00177818
2212.98	0.00177135
2213.98	0.00176458
2214.98	0.00175789
2215.98	0.00175126
2216.98	0.00174471
2217.98	0.00173822
2218.98	0.00173181
2219.98	0.00172546
2220.98	0.00171917
2221.98	0.00171295
2222.98	0.0017068
2223.98	0.00170071
2224.98	0.00169468
2225.98	0.00168871
2226.98	0.00168281
2227.98	0.00167697
2228.98	0.00167118
2229.98	0.00166546
2230.98	0.00165979
2231.98	0.00165419
2232.98	0.00164864
2233.98	0.00164314
2234.98	0.00163771
2235.98	0.00163232
2236.98	0.001627
2237.98	0.00162172
2238.98	0.0016165
2239.98	0.00161133
2240.98	0.00160622
2241.98	0.00160115
2242.98	0.00159614
2243.98	0.00159118
2244.98	0.00158626
2245.98	0.0015814
2246.98	0.00157658
2247.98	0.00157181
2248.98	0.00156709
2249.98	0.00156242
2250.98	0.00155779
2251.98	0.00155321
2252.98	0.00154867
2253.98	0.00154418
2254.98	0.00153973
2255.98	0.00153532
2256.98	0.00153096
2257.98	0.00152665
2258.98	0.00152237
2259.98	0.00151813
2260.98	0.00151394
2261.98	0.00150979
2262.98	0.00150568
2263.98	0.00150161
2264.98	0.00149757
2265.98	0.00149358
2266.98	0.00148962
2267.98	0.00148571
2268.98	0.00148183
2269.98	0.00147799
2270.98	0.00147418
2271.98	0.00147041
2272.98	0.00146668
2273.98	0.00146298
2274.98	0.00145932
2275.98	0.00145569
2276.98	0.0014521
2277.98	0.00144854
2278.98	0.00144502
2279.98	0.00144153
2280.98	0.00143807
2281.98	0.00143464
2282.98	0.00143125
2283.98	0.00142789
2284.98	0.00142456
2285.98	0.00142126
2286.98	0.001418
2287.98	0.00141476
2288.98	0.00141155
2289.98	0.00140838
2290.98	0.00140523
2291.98	0.00140211
2292.98	0.00139902
2293.98	0.00139596
2294.98	0.00139293
2295.98	0.00138993
2296.98	0.00138695
2297.98	0.001384
2298.98	0.00138108
2299.98	0.00137819
2300.98	0.00137532
2301.98	0.00137248
2302.98	0.00136967
2303.98	0.00136688
2304.98	0.00136411
2305.98	0.00136137
2306.98	0.00135866
2307.98	0.00135597
2308.98	0.00135331
2309.98	0.00135067
2310.98	0.00134805
2311.98	0.00134546
2312.98	0.00134289
2313.98	0.00134035
2314.98	0.00133782
2315.98	0.00133532
2316.98	0.00133285
2317.98	0.00133039
2318.98	0.00132796
2319.98	0.00132555
2320.98	0.00132316
2321.98	0.00132079
2322.98	0.00131844
2323.98	0.00131612
2324.98	0.00131381
2325.98	0.00131153
2326.98	0.00130926
2327.98	0.00130702
2328.98	0.00130479
2329.98	0.00130259
2330.98	0.00130041
2331.98	0.00129824
2332.98	0.00129609
2333.98	0.00129397
2334.98	0.00129186
2335.98	0.00128977
2336.98	0.0012877
2337.98	0.00128564
2338.98	0.00128361
2339.98	0.00128159
2340.98	0.00127959
2341.98	0.00127761
2342.98	0.00127564
2343.98	0.0012737
2344.98	0.00127177
2345.98	0.00126985
2346.98	0.00126796
2347.98	0.00126608
2348.98	0.00126421
2349.98	0.00126236
2350.98	0.00126053
2351.98	0.00125872
2352.98	0.00125692
2353.98	0.00125513
2354.98	0.00125336
2355.98	0.00125161
2356.98	0.00124987
2357.98	0.00124815
2358.98	0.00124644
2359.98	0.00124474
2360.98	0.00124306
2361.98	0.0012414
2362.98	0.00123975
2363.98	0.00123811
2364.98	0.00123649
2365.98	0.00123488
2366.98	0.00123328
2367.98	0.0012317
2368.98	0.00123013
2369.98	0.00122858
2370.98	0.00122704
2371.98	0.00122551
2372.98	0.00122399
2373.98	0.00122249
2374.98	0.001221
2375.98	0.00121952
2376.98	0.00121806
2377.98	0.00121661
2378.98	0.00121517
2379.98	0.00121374
2380.98	0.00121233
2381.98	0.00121092
2382.98	0.00120953
2383.98	0.00120815
2384.98	0.00120678
2385.98	0.00120542
2386.98	0.00120408
2387.98	0.00120274
2388.98	0.00120142
2389.98	0.00120011
2390.98	0.00119881
2391.98	0.00119752
2392.98	0.00119624
2393.98	0.00119497
2394.98	0.00119371
2395.98	0.00119247
2396.98	0.00119123
2397.98	0.00119
2398.98	0.00118879
2399.98	0.00118758
2400.98	0.00118638
2401.98	0.0011852
2402.98	0.00118402
2403.98	0.00118285
2404.98	0.0011817
2405.98	0.00118055
2406.98	0.00117941
2407.98	0.00117828
2408.98	0.00117716
2409.98	0.00117605
2410.98	0.00117495
2411.98	0.00117386
2412.98	0.00117278
2413.98	0.00117171
2414.98	0.00117064
2415.98	0.00116958
2416.98	0.00116854
2417.98	0.0011675
2418.98	0.00116647
2419.98	0.00116545
2420.98	0.00116443
2421.98	0.00116343
2422.98	0.00116243
2423.98	0.00116144
2424.98	0.00116046
2425.98	0.00115949
2426.98	0.00115852
2427.98	0.00115757
2428.98	0.00115662
2429.98	0.00115568
2430.98	0.00115474
2431.98	0.00115382
2432.98	0.0011529
2433.98	0.00115199
2434.98	0.00115109
2435.98	0.00115019
2436.98	0.0011493
2437.98	0.00114842
2438.98	0.00114754
2439.98	0.00114668
2440.98	0.00114582
2441.98	0.00114496
2442.98	0.00114412
2443.98	0.00114328
2444.98	0.00114244
2445.98	0.00114162
2446.98	0.0011408
2447.98	0.00113999
2448.98	0.00113918
2449.98	0.00113838
2450.98	0.00113759
2451.98	0.0011368
2452.98	0.00113602
2453.98	0.00113525
2454.98	0.00113448
2455.98	0.00113372
2456.98	0.00113296
2457.98	0.00113221
2458.98	0.00113147
2459.98	0.00113073
2460.98	0.00113
2461.98	0.00112927
2462.98	0.00112855
2463.98	0.00112784
2464.98	0.00112713
2465.98	0.00112643
2466.98	0.00112573
2467.98	0.00112504
2468.98	0.00112435
2469.98	0.00112367
2470.98	0.001123
2471.98	0.00112233
2472.98	0.00112166
2473.98	0.001121
2474.98	0.00112035
2475.98	0.0011197
2476.98	0.00111906
2477.98	0.00111842
2478.98	0.00111779
2479.98	0.00111716
2480.98	0.00111654
2481.98	0.00111592
2482.98	0.0011153
2483.98	0.0011147
2484.98	0.00111409
2485.98	0.00111349
2486.98	0.0011129
2487.98	0.00111231
2488.98	0.00111173
2489.98	0.00111115
2490.98	0.00111057
2491.98	0.00111
2492.98	0.00110943
2493.98	0.00110887
2494.98	0.00110831
2495.98	0.00110776
2496.98	0.00110721
2497.98	0.00110667
2498.98	0.00110613
2499.98	0.00110559
2500.98	0.00110506
2501.98	0.00110453
2502.98	0.00110401
2503.98	0.00110349
2504.98	0.00110298
2505.98	0.00110247
2506.98	0.00110196
2507.98	0.00110146
2508.98	0.00110096
2509.98	0.00110046
2510.98	0.00109997
2511.98	0.00109949
2512.98	0.001099
2513.98	0.00109852
2514.98	0.00109805
2515.98	0.00109758
2516.98	0.00109711
2517.98	0.00109664
2518.98	0.00109618
2519.98	0.00109573
2520.98	0.00109527
2521.98	0.00109482
2522.98	0.00109438
2523.98	0.00109393
2524.98	0.00109349
2525.98	0.00109306
2526.98	0.00109262
2527.98	0.00109219
2528.98	0.00109177
2529.98	0.00109135
2530.98	0.00109093
2531.98	0.00109051
2532.98	0.0010901
2533.98	0.00108969
2534.98	0.00108928
2535.98	0.00108888
2536.98	0.00108848
2537.98	0.00108808
2538.98	0.00108769
2539.98	0.0010873
2540.98	0.00108691
2541.98	0.00108653
2542.98	0.00108614
2543.98	0.00108577
2544.98	0.00108539
2545.98	0.00108502
2546.98	0.00108465
2547.98	0.00108428
2548.98	0.00108392
2549.98	0.00108356
2550.98	0.0010832
2551.98	0.00108284
2552.98	0.00108249
2553.98	0.00108214
2554.98	0.00108179
2555.98	0.00108145
2556.98	0.0010811
2557.98	0.00108076
2558.98	0.00108043
2559.98	0.00108009
2560.98	0.00107976
2561.98	0.00107943
2562.98	0.00107911
2563.98	0.00107878
2564.98	0.00107846
2565.98	0.00107814
2566.98	0.00107783
2567.98	0.00107751
2568.98	0.0010772
2569.98	0.00107689
2570.98	0.00107659
2571.98	0.00107628
2572.98	0.00107598
2573.98	0.00107568
2574.98	0.00107538
2575.98	0.00107509
2576.98	0.0010748
2577.98	0.00107451
2578.98	0.00107422
2579.98	0.00107393
2580.98	0.00107365
2581.98	0.00107337
2582.98	0.00107309
2583.98	0.00107281
2584.98	0.00107254
2585.98	0.00107226
2586.98	0.00107199
2587.98	0.00107172
2588.98	0.00107146
2589.98	0.00107119
2590.98	0.00107093
2591.98	0.00107067
2592.98	0.00107041
2593.98	0.00107016
2594.98	0.0010699
2595.98	0.00106965
2596.98	0.0010694
2597.98	0.00106915
2598.98	0.0010689
2599.98	0.00106866
2600.98	0.00106842
2601.98	0.00106818
2602.98	0.00106794
2603.98	0.0010677
2604.98	0.00106746
2605.98	0.00106723
2606.98	0.001067
2607.98	0.00106677
2608.98	0.00106654
2609.98	0.00106632
2610.98	0.00106609
2611.98	0.00106587
2612.98	0.00106565
2613.98	0.00106543
2614.98	0.00106521
2615.98	0.00106499
2616.98	0.00106478
2617.98	0.00106457
2618.98	0.00106435
2619.98	0.00106415
2620.98	0.00106394
2621.98	0.00106373
2622.98	0.00106353
2623.98	0.00106332
2624.98	0.00106312
2625.98	0.00106292
2626.98	0.00106272
2627.98	0.00106253
2628.98	0.00106233
2629.98	0.00106214
2630.98	0.00106194
2631.98	0.00106175
2632.98	0.00106156
2633.98	0.00106138
2634.98	0.00106119
2635.98	0.00106101
2636.98	0.00106082
2637.98	0.00106064
2638.98	0.00106046
2639.98	0.00106028
2640.98	0.0010601
2641.98	0.00105992
2642.98	0.00105975
2643.98	0.00105958
2644.98	0.0010594
2645.98	0.00105923
2646.98	0.00105906
2647.98	0.00105889
2648.98	0.00105873
2649.98	0.00105856
2650.98	0.00105839
2651.98	0.00105823
2652.98	0.00105807
2653.98	0.00105791
2654.98	0.00105775
2655.98	0.00105759
2656.98	0.00105743
2657.98	0.00105728
2658.98	0.00105712
2659.98	0.00105697
2660.98	0.00105681
2661.98	0.00105666
2662.98	0.00105651
2663.98	0.00105636
2664.98	0.00105622
2665.98	0.00105607
2666.98	0.00105592
2667.98	0.00105578
2668.98	0.00105564
2669.98	0.00105549
2670.98	0.00105535
2671.98	0.00105521
2672.98	0.00105507
2673.98	0.00105493
2674.98	0.0010548
2675.98	0.00105466
2676.98	0.00105453
2677.98	0.00105439
2678.98	0.00105426
2679.98	0.00105413
2680.98	0.001054
2681.98	0.00105387
2682.98	0.00105374
2683.98	0.00105361
2684.98	0.00105349
2685.98	0.00105336
2686.98	0.00105324
2687.98	0.00105311
2688.98	0.00105299
2689.98	0.00105287
2690.98	0.00105275
2691.98	0.00105263
2692.98	0.00105251
2693.98	0.00105239
2694.98	0.00105227
2695.98	0.00105215
2696.98	0.00105204
2697.98	0.00105192
2698.98	0.00105181
2699.98	0.0010517
2700.98	0.00105159
2701.98	0.00105147
2702.98	0.00105136
2703.98	0.00105125
2704.98	0.00105115
2705.98	0.00105104
2706.98	0.00105093
2707.98	0.00105083
2708.98	0.00105072
2709.98	0.00105062
2710.98	0.00105051
2711.98	0.00105041
2712.98	0.00105031
2713.98	0.00105021
2714.98	0.00105011
2715.98	0.00105001
2716.98	0.00104991
2717.98	0.00104981
2718.98	0.00104971
2719.98	0.00104961
2720.98	0.00104952
2721.98	0.00104942
2722.98	0.00104933
2723.98	0.00104923
2724.98	0.00104914
2725.98	0.00104905
2726.98	0.00104896
2727.98	0.00104887
2728.98	0.00104878
2729.98	0.00104869
2730.98	0.0010486
2731.98	0.00104851
2732.98	0.00104842
2733.98	0.00104834
2734.98	0.00104825
2735.98	0.00104816
2736.98	0.00104808
2737.98	0.00104799
2738.98	0.00104791
2739.98	0.00104783
2740.98	0.00104775
2741.98	0.00104766
2742.98	0.00104758
2743.98	0.0010475
2744.98	0.00104742
2745.98	0.00104734
2746.98	0.00104727
2747.98	0.00104719
2748.98	0.00104711
2749.98	0.00104703
2750.98	0.00104696
2751.98	0.00104688
2752.98	0.00104681
2753.98	0.00104673
2754.98	0.00104666
2755.98	0.00104659
2756.98	0.00104651
2757.98	0.00104644
2758.98	0.00104637
2759.98	0.0010463
2760.98	0.00104623
2761.98	0.00104616
2762.98	0.00104609
2763.98	0.00104602
2764.98	0.00104595
2765.98	0.00104588
2766.98	0.00104582
2767.98	0.00104575
2768.98	0.00104568
2769.98	0.00104562
2770.98	0.00104555
2771.98	0.00104549
2772.98	0.00104542
2773.98	0.00104536
2774.98	0.0010453
2775.98	0.00104523
2776.98	0.00104517
2777.98	0.00104511
2778.98	0.00104505
2779.98	0.00104499
2780.98	0.00104493
2781.98	0.00104487
2782.98	0.00104481
2783.98	0.00104475
2784.98	0.00104469
2785.98	0.00104463
2786.98	0.00104458
2787.98	0.00104452
2788.98	0.00104446
2789.98	0.00104441
2790.98	0.00104435
2791.98	0.00104429
2792.98	0.00104424
2793.98	0.00104418
2794.98	0.00104413
2795.98	0.00104408
2796.98	0.00104402
2797.98	0.00104397
2798.98	0.00104392
2799.98	0.00104387
2800.98	0.00104381
2801.98	0.00104376
2802.98	0.00104371
2803.98	0.00104366
2804.98	0.00104361
2805.98	0.00104356
2806.98	0.00104351
2807.98	0.00104346
2808.98	0.00104341
2809.98	0.00104337
2810.98	0.00104332
2811.98	0.00104327
2812.98	0.00104322
2813.98	0.00104318
2814.98	0.00104313
2815.98	0.00104309
2816.98	0.00104304
2817.98	0.00104299
2818.98	0.00104295
2819.98	0.0010429
2820.98	0.00104286
2821.98	0.00104282
2822.98	0.00104277
2823.98	0.00104273
2824.98	0.00104269
2825.98	0.00104264
2826.98	0.0010426
2827.98	0.00104256
2828.98	0.00104252
2829.98	0.00104248
2830.98	0.00104244
2831.98	0.0010424
2832.98	0.00104236
2833.98	0.00104232
2834.98	0.00104228
2835.98	0.00104224
2836.98	0.0010422
2837.98	0.00104216
2838.98	0.00104212
2839.98	0.00104208
2840.98	0.00104204
2841.98	0.00104201
2842.98	0.00104197
2843.98	0.00104193
2844.98	0.0010419
2845.98	0.00104186
2846.98	0.00104182
2847.98	0.00104179
2848.98	0.00104175
2849.98	0.00104172
2850.98	0.00104168
2851.98	0.00104165
2852.98	0.00104161
2853.98	0.00104158
2854.98	0.00104154
2855.98	0.00104151
2856.98	0.00104148
2857.98	0.00104144
2858.98	0.00104141
2859.98	0.00104138
2860.98	0.00104135
2861.98	0.00104131
2862.98	0.00104128
2863.98	0.00104125
2864.98	0.00104122
2865.98	0.00104119
2866.98	0.00104116
2867.98	0.00104113
2868.98	0.00104109
2869.98	0.00104106
2870.98	0.00104103
2871.98	0.00104101
2872.98	0.00104098
2873.98	0.00104095
2874.98	0.00104092
2875.98	0.00104089
2876.98	0.00104086
2877.98	0.00104083
2878.98	0.0010408
2879.98	0.00104078
2880.98	0.00104075
2881.98	0.00104072
2882.98	0.00104069
2883.98	0.00104067
2884.98	0.00104064
2885.98	0.00104061
2886.98	0.00104059
2887.98	0.00104056
2888.98	0.00104053
2889.98	0.00104051
2890.98	0.00104048
2891.98	0.00104046
2892.98	0.00104043
2893.98	0.00104041
2894.98	0.00104038
2895.98	0.00104036
2896.98	0.00104033
2897.98	0.00104031
2898.98	0.00104028
2899.98	0.00104026
2900.98	0.00104024
2901.98	0.00104021
2902.98	0.00104019
2903.98	0.00104017
2904.98	0.00104014
2905.98	0.00104012
2906.98	0.0010401
2907.98	0.00104008
2908.98	0.00104005
2909.98	0.00104003
2910.98	0.00104001
2911.98	0.00103999
2912.98	0.00103997
2913.98	0.00103994
2914.98	0.00103992
2915.98	0.0010399
2916.98	0.00103988
2917.98	0.00103986
2918.98	0.00103984
2919.98	0.00103982
2920.98	0.0010398
2921.98	0.00103978
2922.98	0.00103976
2923.98	0.00103974
2924.98	0.00103972
2925.98	0.0010397
2926.98	0.00103968
2927.98	0.00103966
2928.98	0.00103964
2929.98	0.00103962
2930.98	0.00103961
2931.98	0.00103959
2932.98	0.00103957
2933.98	0.00103955
2934.98	0.00103953
2935.98	0.00103951
2936.98	0.0010395
2937.98	0.00103948
2938.98	0.00103946
2939.98	0.00103944
2940.98	0.00103943
2941.98	0.00103941
2942.98	0.00103939
2943.98	0.00103937
2944.98	0.00103936
2945.98	0.00103934
2946.98	0.00103932
2947.98	0.00103931
2948.98	0.00103929
2949.98	0.00103928
2950.98	0.00103926
2951.98	0.00103924
2952.98	0.00103923
2953.98	0.00103921
2954.98	0.0010392
2955.98	0.00103918
2956.98	0.00103917
2957.98	0.00103915
2958.98	0.00103914
2959.98	0.00103912
2960.98	0.00103911
2961.98	0.00103909
2962.98	0.00103908
2963.98	0.00103906
2964.98	0.00103905
2965.98	0.00103903
2966.98	0.00103902
2967.98	0.00103901
2968.98	0.00103899
2969.98	0.00103898
2970.98	0.00103897
2971.98	0.00103895
2972.98	0.00103894
2973.98	0.00103893
2974.98	0.00103891
2975.98	0.0010389
2976.98	0.00103889
2977.98	0.00103887
2978.98	0.00103886
2979.98	0.00103885
2980.98	0.00103883
2981.98	0.00103882
2982.98	0.00103881
2983.98	0.0010388
2984.98	0.00103879
2985.98	0.00103877
2986.98	0.00103876
2987.98	0.00103875
2988.98	0.00103874
2989.98	0.00103873
2990.98	0.00103871
2991.98	0.0010387
2992.98	0.00103869
2993.98	0.00103868
2994.98	0.00103867
2995.98	0.00103866
2996.98	0.00103865
2997.98	0.00103864
2998.98	0.00103862
2999.98	0.00103861
